(0,0)
0.5
(0,1)
8.333333333333333e-3
(0,2)
1.1666666666666667e-2
(0,3)
6.666666666666667e-3
(0,4)
9.166666666666667e-3
(0,5)
1.75e-2
(0,6)
1.4166666666666666e-2
(0,7)
2.5e-3
(0,8)
6.666666666666667e-3
(0,9)
1.6666666666666668e-3
(1,0)
7.5e-3
(1,1)
0.5
(1,2)
1.4166666666666666e-2
(1,3)
7.5e-3
(1,4)
1.5833333333333335e-2
(1,5)
6.666666666666667e-3
(1,6)
5.833333333333334e-3
(1,7)
6.666666666666667e-3
(1,8)
2.666666666666667e-2
(1,9)
1.0833333333333334e-2
(2,0)
1.0e-2
(2,1)
1.1666666666666667e-2
(2,2)
0.5
(2,3)
2.75e-2
(2,4)
5.833333333333334e-3
(2,5)
1.6666666666666666e-2
(2,6)
1.6666666666666666e-2
(2,7)
6.666666666666667e-3
(2,8)
2.75e-2
(2,9)
5.833333333333334e-3
(3,0)
8.333333333333333e-3
(3,1)
8.333333333333333e-3
(3,2)
2.4166666666666666e-2
(3,3)
0.5
(3,4)
8.333333333333334e-4
(3,5)
4.9166666666666664e-2
(3,6)
7.5e-3
(3,7)
1.0833333333333334e-2
(3,8)
2.25e-2
(3,9)
6.666666666666667e-3
(4,0)
7.5e-3
(4,1)
1.3333333333333334e-2
(4,2)
7.5e-3
(4,3)
3.3333333333333335e-3
(4,4)
0.5
(4,5)
4.166666666666667e-3
(4,6)
1.75e-2
(4,7)
6.666666666666667e-3
(4,8)
8.333333333333333e-3
(4,9)
2.0833333333333332e-2
(5,0)
1.1666666666666667e-2
(5,1)
8.333333333333333e-3
(5,2)
1.5833333333333335e-2
(5,3)
4.583333333333333e-2
(5,4)
4.166666666666667e-3
(5,5)
0.5
(5,6)
8.333333333333333e-3
(5,7)
2.5e-3
(5,8)
2.75e-2
(5,9)
5.0e-3
(6,0)
2.25e-2
(6,1)
6.666666666666667e-3
(6,2)
1.3333333333333334e-2
(6,3)
3.3333333333333335e-3
(6,4)
1.25e-2
(6,5)
1.25e-2
(6,6)
0.5
(6,7)
0.0
(6,8)
7.5e-3
(6,9)
8.333333333333334e-4
(7,0)
3.3333333333333335e-3
(7,1)
3.3333333333333335e-3
(7,2)
8.333333333333333e-3
(7,3)
1.1666666666666667e-2
(7,4)
1.6666666666666668e-3
(7,5)
2.5e-3
(7,6)
0.0
(7,7)
0.5
(7,8)
1.0e-2
(7,9)
2.8333333333333332e-2
(8,0)
1.1666666666666667e-2
(8,1)
2.5e-2
(8,2)
2.9166666666666667e-2
(8,3)
2.5833333333333333e-2
(8,4)
8.333333333333333e-3
(8,5)
2.9166666666666667e-2
(8,6)
8.333333333333333e-3
(8,7)
5.833333333333334e-3
(8,8)
0.5
(8,9)
1.5e-2
(9,0)
1.6666666666666668e-3
(9,1)
3.3333333333333335e-3
(9,2)
9.166666666666667e-3
(9,3)
1.0833333333333334e-2
(9,4)
2.0833333333333332e-2
(9,5)
7.5e-3
(9,6)
2.5e-3
(9,7)
2.4166666666666666e-2
(9,8)
1.75e-2
(9,9)
0.5
