  -2.6581017e-01  -4.7896546e-01
   2.9607340e-01   4.0711586e-02
   6.8405305e-01   4.3949485e-01
   2.6208352e-01   2.3241691e-01
   3.0703511e-01   9.9731809e-03
   4.3736859e-01   6.9750393e-01
  -3.5714147e-01   5.8170388e-01
   2.5569303e-01   6.0307109e-01
   1.0922882e-01   4.4545208e-01
  -5.1015861e-01   6.6144765e-01
  -3.0141506e-01  -6.1990213e-01
  -3.6511258e-01   2.2091928e-01
  -6.3168757e-01  -1.8639758e-01
   5.0188079e-01   2.7572155e-01
  -7.9870162e-02  -4.4267332e-01
  -1.2034229e-01   8.7177614e-02
  -2.9876290e-02   1.2171806e-01
  -7.7030543e-01   4.1612559e-01
  -4.5433319e-01  -1.0945259e-01
   3.5706448e-01  -5.5959995e-01
   7.3065587e-01  -7.0950503e-01
  -5.6715271e-03   6.1302144e-02
   1.6942841e-01   8.4935622e-02
   7.6072966e-01  -1.4228606e-01
  -3.4495911e-01   3.6922118e-01
   4.0208685e-01  -4.8258061e-01
  -2.7196531e-02  -6.9823572e-01
   6.6633857e-01   8.9809345e-02
   2.4795219e-01  -5.9332353e-01
   8.5952079e-01  -5.6769486e-01
  -3.8777994e-01   7.5947917e-01
   7.8235045e-01  -1.0481379e-01
  -2.5837724e-01  -2.2194650e-02
  -3.0924503e-01  -2.5361799e-02
  -4.9800510e-01  -1.6768274e-01
  -7.6117225e-01  -4.5980869e-01
  -3.4294443e-01  -7.8067605e-01
  -1.4808886e-01   2.7527161e-01
   4.5875625e-03   5.5777156e-01
  -6.1606880e-01   4.0433641e-01
  -8.4711524e-02  -6.8620480e-01
   2.3737822e-01   5.6787718e-01
   5.7772423e-01   6.3395708e-01
   4.2787525e-01   3.6761877e-01
  -3.4399873e-01   2.5838751e-01
  -5.5992844e-01  -3.5110924e-01
  -3.2822854e-01   5.2083831e-02
   3.0808118e-01   5.2484286e-01
   6.7272586e-01  -2.5862966e-01
   1.4499466e-01   4.7914314e-01
  -1.1253074e-01   5.4066017e-01
   1.2677361e-01   6.4755389e-01
   3.8684151e-01  -5.4206235e-01
   7.6492381e-01   1.3342190e-01
  -5.4401561e-01   4.3947107e-02
  -2.0081244e-01   1.6741921e-01
   3.3231381e-01   3.6916108e-01
  -6.2546760e-02   5.0919292e-01
  -1.1449757e-01  -1.1833927e-01
  -6.7384434e-01   4.8079590e-02
   4.1989944e-01   5.5825819e-02
  -4.3730931e-01  -9.2654908e-02
  -2.0493849e-01  -5.4029589e-02
  -4.2564426e-01  -3.5693252e-01
  -4.1134243e-01   4.0681977e-02
   6.3336770e-01  -8.4578322e-01
  -4.7201956e-01  -4.0332766e-01
   5.3731739e-01   1.2211085e-01
   5.7206769e-01  -1.4526676e-01
  -6.9745659e-01   1.5273173e-01
  -9.2777157e-01   3.6794407e-03
   6.3068976e-01   3.7546863e-01
  -8.0298451e-03   1.2439735e-01
   7.7156550e-01  -6.5258701e-01
  -8.2402647e-01  -2.6736607e-01
  -3.7499522e-01   2.7459487e-01
  -2.7221249e-01   2.0878421e-01
   9.8790574e-02  -4.8872550e-01
   2.3413551e-01  -5.9548119e-01
   6.7778423e-01   1.3863529e-01
  -7.1352609e-02   5.7480429e-01
  -5.2817131e-01   8.8866712e-02
   2.0526692e-01  -7.3559626e-01
  -2.0108445e-01  -3.0821611e-01
  -2.5510019e-01   2.1957505e-01
   5.7614416e-01   2.4685255e-01
  -3.7975771e-01   2.5232510e-01
  -1.4326800e-01  -2.4968431e-01
   1.7197594e-01   7.2114080e-01
  -5.6041550e-01  -7.3786853e-01
   7.2934512e-02   5.7331636e-01
  -7.8754854e-01  -5.9386497e-01
  -6.8012506e-02   3.0829714e-01
   5.6494258e-01  -4.5641288e-01
   5.2165020e-01  -8.2926440e-01
   8.0922774e-01  -5.2432321e-01
   2.7508783e-01   1.5494261e-01
  -1.8436937e-01  -4.8876881e-03
  -7.2091281e-02   5.5675363e-01
   2.9953190e-01   2.1360642e-01
  -4.8250226e-01  -1.7743251e-01
   9.4075414e-02  -3.3163716e-01
  -6.8430341e-01   5.3006144e-01
  -5.8539266e-01  -1.6841410e-01
  -3.7220017e-01   3.7923192e-02
  -6.4621491e-01   8.4538880e-01
   4.6000583e-01   9.0723115e-01
   2.4844896e-01  -2.8196920e-01
   7.9249088e-01   1.0715384e-01
  -4.9374050e-01   1.8014839e-01
  -6.6090735e-01   8.0499084e-01
  -2.7380418e-01  -1.6074932e-01
  -8.0502068e-02   3.6733073e-01
  -4.5139936e-01  -2.8256659e-01
  -4.9733863e-02  -1.7482452e-01
  -6.0003617e-01  -5.2474186e-01
  -1.3048393e-01  -5.8695039e-01
   6.4781203e-02   5.0045658e-01
   6.9453678e-01  -1.5691367e-01
  -8.0123274e-01  -4.4069897e-01
   5.0194869e-01   2.6239384e-01
  -6.3136779e-02  -5.5620062e-01
   6.2052522e-01   1.3577500e-01
  -3.4388991e-01  -2.4799122e-01
  -4.8963080e-01  -5.2979280e-01
  -6.5033956e-01   7.8922808e-01
  -3.0168807e-01   5.4806846e-01
   2.0053730e-01   6.0233591e-01
   5.8856985e-01   7.3127106e-01
   3.7065575e-01   4.3756438e-03
  -6.7261662e-02   6.1166763e-01
  -1.7232214e-01   5.5585898e-01
  -6.8785097e-02  -8.1859134e-01
  -5.7066601e-01   3.6956418e-02
  -6.8643125e-01   7.1871177e-03
  -1.4718476e-03   4.4144732e-01
  -4.7337231e-01  -3.6249998e-01
   5.7707971e-01   5.1828791e-01
   8.5143883e-01   5.8644500e-01
   1.9228013e-01  -6.4566133e-01
  -4.0158884e-01  -7.2082494e-01
   4.9224126e-01  -2.4265388e-02
   5.5433881e-01  -6.6628759e-01
  -6.2469365e-01   3.5016326e-01
  -2.1428532e-01   8.3396049e-01
  -6.1232513e-02   7.3840231e-01
   3.8701319e-01   4.8550496e-01
   5.6210676e-01   4.6766904e-01
  -3.1559808e-01  -4.9394811e-01
  -6.3456680e-01   3.7751876e-01
  -2.5028238e-01   4.5582181e-01
  -3.6417458e-01  -8.4396035e-01
   8.0261080e-01   1.6076431e-01
   9.4335094e-01   5.5168713e-01
   7.2259029e-01   6.6161365e-02
  -2.1541491e-02   8.4734178e-01
   5.0365954e-01   8.6692337e-01
  -1.2542910e-01  -7.0163601e-01
   4.7954631e-01   1.0288963e-01
   6.1423705e-01   3.8477203e-01
  -3.7254108e-01   7.6744678e-01
  -8.1573758e-01  -6.7735874e-01
  -5.5442511e-01  -6.3238337e-01
   4.5135603e-01   3.3113214e-01
  -1.1731553e-01  -5.8668257e-01
  -1.1058060e-01   2.9626293e-01
   6.4746291e-01   1.3368845e-01
  -6.9488978e-01  -4.3239182e-01
  -7.8697437e-01  -4.9857239e-01
   3.3141343e-01  -2.4580214e-01
   7.0602347e-01  -4.9989754e-01
   1.8248508e-01   9.9547050e-01
  -6.5056101e-01  -4.2679052e-02
   4.3197964e-01   6.0653979e-01
  -2.1872001e-01  -4.7298569e-01
  -4.4075921e-01   1.6819147e-01
   1.8447353e-01   5.0233871e-01
  -6.3738906e-01  -5.0512976e-01
  -2.0330617e-01  -6.7166034e-01
   5.1438449e-01   2.0028967e-02
  -1.4367967e-01  -6.7662532e-01
   3.5856665e-02   5.1072377e-01
   2.1905131e-02   6.7539059e-02
   5.3772138e-01   1.8860411e-01
  -1.1694899e-02  -2.0851135e-01
  -3.6507859e-02   2.6969039e-02
   2.0913131e-01   1.8724087e-01
  -6.1023375e-01  -2.7900422e-02
  -5.0829822e-01   1.2580142e-01
   1.9524225e-01   6.3669549e-01
   2.3982756e-02   6.4157667e-01
  -1.7992414e-01  -5.9364482e-01
   3.0057412e-01   3.0359811e-01
  -3.4334995e-01  -3.6044761e-01
  -1.5108121e-01  -1.7964239e-01
  -2.6185241e-02   2.2331636e-01
  -9.0384728e-02   3.6946653e-01
  -7.3204257e-01  -3.9072934e-01
  -1.7958330e-01   1.5158180e-01
  -6.1128560e-01  -2.4323720e-01
  -1.3661480e-01   3.8726777e-01
   1.8103318e-01  -8.7882079e-01
  -1.4682437e-01  -3.8960400e-01
   5.4352643e-01  -6.4589178e-02
  -7.6000694e-01  -7.6264374e-01
   7.6275097e-01   7.1561019e-01
  -3.2396490e-01   5.4609067e-01
  -9.1709878e-02   7.7892010e-01
   8.8762487e-01  -3.4868782e-01
  -1.0577933e-01  -2.8449267e-01
   7.9842816e-01   4.0832896e-01
  -7.5537978e-01   2.0005404e-01
   5.7548972e-01   3.7967057e-01
   5.7908213e-01  -7.0285963e-01
   9.4295926e-02   2.5013793e-01
   4.8602148e-01  -4.7428099e-01
  -3.5679364e-01  -9.9368445e-02
   4.1609526e-02   2.1724250e-01
   5.8547467e-02   2.6179039e-01
   9.3114826e-01   8.6833440e-01
   5.1433946e-01  -2.0959736e-01
   3.9338233e-01  -3.1816955e-01
   1.2197297e-01   4.9205337e-01
   7.3761398e-01  -5.4798478e-01
  -7.5955663e-01  -3.5159798e-01
  -5.3388019e-01   4.3134643e-01
  -9.0429891e-01  -3.3367356e-02
  -4.3033240e-01   7.0885659e-01
   8.4186883e-03   1.0717608e-01
  -4.3912386e-01   7.4294685e-01
  -6.8556547e-01  -6.0740891e-01
   3.9335327e-01  -8.7739526e-01
   2.1260694e-01   5.5037278e-01
   7.2203437e-01   2.3920595e-01
  -4.0023420e-01  -3.0765848e-01
  -6.1616527e-01  -8.7564005e-01
  -5.8903705e-01  -1.5137588e-01
  -7.6437976e-01  -3.2253414e-01
   1.4435767e-01   5.4149880e-01
  -2.3916656e-01  -6.8123775e-01
   2.8391954e-01   2.7285756e-01
  -4.3494880e-01  -4.8310978e-01
   2.8847322e-01   4.9606544e-01
   2.1328802e-02   2.9021932e-01
  -7.4825126e-01   1.2494461e-01
   5.2095017e-01  -2.2445571e-01
   3.0860232e-01   2.6845307e-01
   5.4301061e-02  -6.8310146e-01
  -5.5364536e-01  -1.7700195e-01
  -8.3411693e-01  -3.1522471e-01
  -8.1232028e-02   3.1936853e-01
   4.3007897e-02  -4.1832469e-01
  -5.4408275e-02   3.6581044e-01
   3.5828404e-01  -4.4501087e-01
   7.2669969e-01   7.5252300e-01
  -6.5399809e-01   4.4757071e-01
  -7.2791230e-01   4.9540700e-01
   8.4008497e-01  -7.4896317e-01
  -3.9618701e-01   1.9317347e-01
   3.4902266e-01  -2.6299428e-01
   6.6180826e-01  -7.3829849e-01
  -6.3295357e-01   6.1110500e-01
  -2.0969520e-01   4.2744041e-01
  -4.5801580e-01   5.6681495e-01
   3.9644696e-02  -7.5065399e-01
   3.2723094e-01  -6.4591662e-01
   4.0982050e-01  -4.4153158e-01
  -7.5512470e-01  -2.8486641e-01
   3.3813590e-01   3.5505858e-01
  -2.2394572e-01   6.1696024e-01
   1.8698234e-01  -3.5781599e-01
  -1.4482939e-01   5.8497068e-02
  -2.7700077e-01  -4.3203416e-01
   3.5180767e-01   6.6253218e-01
  -5.7994556e-01   4.5451826e-01
  -3.1612869e-01   4.9673910e-01
   5.2315410e-01   4.3015185e-01
   4.9901196e-01  -3.4532584e-01
  -8.5042687e-01   6.9705980e-01
  -5.9294902e-01   6.2641493e-01
  -1.8217710e-01  -6.1201923e-01
  -4.0861548e-01   4.5920050e-01
  -1.1386004e-01  -2.0700284e-01
  -3.6694659e-01  -3.4014591e-01
   3.9423428e-01   4.0572354e-02
   4.3434255e-01   3.1979927e-01
   6.4862487e-01  -7.0606396e-01
  -3.5940275e-01   7.8248967e-01
   7.6174390e-02  -5.5135776e-02
  -4.1801574e-01   7.1274840e-02
   1.7455443e-01   7.4111515e-01
  -2.2692228e-01   1.7575790e-01
  -6.4965603e-01  -5.1878379e-01
  -8.9253055e-01  -2.2528108e-01
  -8.5452660e-01   2.0017866e-01
   4.0498534e-01   1.1126238e-02
  -7.5070783e-01  -3.6534467e-01
   5.6358648e-05   3.0129257e-01
   5.9750250e-01  -9.2464116e-02
   6.0312213e-03  -3.1981752e-01
  -4.3438760e-01   3.9594571e-01
  -1.0058696e-01  -6.1529035e-01
   4.1802091e-01   8.6017388e-01
   2.9476349e-01   4.1609983e-01
   5.1734368e-01  -6.4965701e-02
  -6.2817755e-01  -7.8422608e-01
  -7.3930050e-02  -7.4875925e-01
   7.8863020e-02   1.9705113e-01
   4.4367254e-01   7.8140748e-01
   3.2475292e-01  -7.8651224e-01
   3.9426221e-01  -1.6838723e-01
   2.9050680e-01  -4.8860824e-01
  -5.7109073e-01  -3.8961046e-01
  -5.8514611e-01  -8.1964603e-01
   2.4733103e-01   1.3765558e-01
   4.0819678e-01   5.8334387e-01
   7.9652478e-01   1.7429170e-01
   4.0331952e-01   3.8051275e-01
   1.9129500e-01  -1.3276876e-01
  -3.5860300e-01   8.7882878e-02
  -7.3616509e-01  -7.3172478e-01
  -4.3147323e-01   9.8085234e-02
   2.1440629e-01   6.2017572e-01
   1.5800513e-01   3.8095828e-01
  -6.8690273e-01   1.2700923e-01
   4.9721569e-02   7.9163433e-01
   7.1159550e-01   6.6148189e-01
  -3.0996531e-02  -8.8708816e-01
   1.7923131e-01   2.7116363e-01
  -4.3576198e-01   7.1604143e-01
   5.7363675e-01  -5.6261638e-01
   7.3516342e-01   2.7849066e-01
  -1.8512359e-01  -4.7708258e-01
  -1.4937226e-01   3.3727240e-01
  -5.3697897e-01  -1.4846429e-01
   2.1005448e-01   6.4827894e-01
  -5.3396998e-01  -3.8637963e-01
   5.3052544e-01  -1.4652467e-01
   3.7729656e-01   4.2850837e-01
  -5.3356710e-01   7.6658771e-01
  -5.4036893e-01  -1.2871960e-02
  -4.4839842e-01   6.5623415e-01
   5.3549212e-01  -4.2512288e-01
  -1.0391711e-01   1.6748605e-01
  -4.1094927e-01   9.1348746e-01
  -3.4881556e-01  -9.0699559e-01
  -5.1437763e-02   5.8897748e-02
  -6.3139413e-01  -8.4298539e-02
  -1.7014050e-01  -5.3412473e-01
  -9.4455172e-03  -4.1875105e-01
   8.6778538e-01   8.6250335e-01
   2.5984457e-02   2.2496757e-01
   1.4728876e-01  -5.5743668e-01
   6.0898807e-01   1.5960052e-01
  -5.0114064e-01  -2.4725169e-01
  -5.9651320e-01   6.1995017e-01
   4.3768605e-01  -4.4565682e-01
   1.5993677e-01  -2.3777108e-02
  -9.5260204e-01  -3.9909428e-01
   4.2130130e-01  -5.6040015e-01
  -1.6909099e-01  -5.2131986e-01
   1.6166644e-01   6.1043373e-01
  -6.2991813e-02  -5.8621286e-01
   4.0439065e-01   1.6333282e-01
   7.7316225e-01   2.2077306e-01
   5.6338543e-01  -1.3788543e-01
  -5.9148418e-01  -1.1714191e-01
  -2.5320548e-01  -6.5764058e-01
   9.8892797e-02   1.5757943e-01
   5.7783355e-02   7.9667780e-01
  -2.4707201e-01   5.2248664e-01
  -5.0973672e-01   6.7360386e-01
   5.6837814e-01  -4.6015875e-01
   5.3195071e-01   6.7504567e-01
  -8.6846878e-01   2.4814213e-01
   5.5257960e-01   3.4350495e-01
   3.3172486e-02   4.2799336e-01
   2.9888232e-01   7.0586715e-01
   4.1627056e-01  -2.3806192e-01
   4.8219243e-02   3.7781679e-01
   9.5030254e-01   7.5914090e-01
   6.4412713e-01   2.3630800e-02
   4.0825711e-01   2.6816598e-01
   8.7969665e-01  -4.9044151e-01
   5.8619695e-01  -1.9941698e-01
   4.5638425e-01  -1.5172638e-01
   6.3138308e-02  -6.3477109e-01
   6.3663194e-01  -8.2289695e-02
   4.6832044e-01   3.1462620e-01
   4.5866822e-01   5.6783022e-01
  -1.4456385e-01   8.0265990e-01
  -2.1271390e-01   4.3346569e-02
  -2.8669568e-01   7.6182235e-01
   6.0351302e-02   5.7926313e-01
  -2.4907471e-01   4.9311511e-02
   7.1143696e-01   2.3300991e-01
  -6.6452316e-01  -8.4911899e-01
  -7.6060291e-01   4.9683526e-01
   1.9117899e-01  -7.3885155e-01
  -1.2252904e-01   3.6066981e-01
   4.9094276e-01   8.6086867e-01
   3.4785416e-01   1.6549022e-01
   8.5068590e-01  -8.6816112e-01
   1.2015674e-01   5.0375947e-03
   2.6885206e-01   8.2980657e-01
  -6.2401490e-01  -2.4726686e-01
   3.4229424e-01  -4.7910863e-01
  -2.9033200e-01  -4.3148161e-01
   2.3678667e-01  -1.1755747e-01
  -4.0505105e-01  -2.6557241e-01
   6.0921393e-01  -3.0583978e-01
  -8.0678630e-01  -2.0284826e-01
  -9.6664344e-02  -1.2003076e-01
   6.4841548e-01   6.7753014e-01
   1.3629970e-01   9.4674583e-01
  -6.1548659e-01  -1.4175469e-01
  -1.6280766e-01  -4.6908027e-01
   6.0462952e-01   9.3748205e-01
  -5.8317639e-01   6.5952248e-01
   2.7711511e-01  -3.8324282e-01
   3.9830472e-01  -3.8381815e-01
  -5.9814285e-01  -8.4807709e-01
   7.4977825e-01  -5.5737208e-01
  -6.4487947e-01  -7.4069948e-01
  -3.4312213e-01   4.6283196e-01
   6.7654715e-01   4.6118258e-01
   4.7375923e-01  -6.3845894e-01
   5.5035340e-01  -4.3703501e-01
   1.4040321e-01  -1.4606817e-01
   1.1893106e-01  -1.4161238e-01
  -2.3682437e-01  -7.8688437e-01
   7.2327154e-01   9.1636544e-03
   5.0026042e-01  -3.4668068e-01
   5.1946090e-01  -5.9157343e-01
  -6.9664387e-01  -6.4687868e-01
  -8.0554673e-01   3.1286505e-02
   7.6108849e-01  -6.8616205e-02
  -7.1127891e-01  -3.5366018e-01
   1.8476998e-01   5.4153228e-01
   3.0879106e-01   7.7253116e-01
  -4.0206595e-01  -1.5858896e-01
   4.8509345e-01   1.9607512e-01
  -2.4031307e-01  -3.8991645e-01
  -2.2474321e-01  -1.6869353e-02
   5.8809360e-01  -6.4064100e-01
  -5.9758316e-01   8.6696325e-01
  -3.3153236e-01  -6.3934955e-01
   3.8947537e-01  -1.4553635e-01
   4.8545370e-01   2.4302180e-01
   3.2583223e-01   6.4556181e-01
  -2.1432221e-01   3.2872547e-03
  -6.8328377e-01   4.4821391e-01
  -2.8831575e-01   4.1121332e-01
   5.2205013e-01   9.4732985e-01
   4.0053549e-02   2.7824947e-01
  -4.4669568e-02   1.2080872e-01
   3.5236636e-01   1.9573278e-01
   2.4590064e-01  -2.6448607e-01
  -1.8336504e-01   9.3740081e-01
  -1.4182385e-01   8.9091801e-01
   3.4164092e-01   2.5512014e-01
  -8.2177381e-01   6.3245052e-01
   5.7573221e-02   7.0219156e-01
  -7.7640959e-02  -6.7608514e-01
  -4.9302216e-01  -5.6874910e-02
  -3.9891584e-01   2.4126633e-02
   6.9349626e-02   4.3069219e-01
   3.2572492e-01   5.6786450e-01
   7.3959330e-01  -4.8602868e-01
   6.1021024e-01  -2.2459458e-01
  -7.7962864e-01   8.2347981e-01
   6.5397350e-01  -3.9038526e-01
   2.1312001e-01   7.4475137e-02
  -2.3896043e-01   2.6830853e-01
  -3.1218857e-01  -3.9442229e-01
  -5.4736679e-01   7.4620528e-01
   8.0145141e-01   8.8914514e-01
  -2.1652057e-01   1.3038253e-01
   1.8108650e-01   9.4729596e-02
  -2.2879865e-01  -4.2173717e-01
   2.4168815e-01  -9.0719602e-01
   2.5111003e-01   5.5024031e-01
   5.3616239e-01  -4.2799515e-01
   4.7992167e-01   3.0684186e-01
   7.5567286e-01   5.3746772e-01
   2.4168152e-01  -4.2915265e-01
   6.7052671e-01   3.8432729e-01
  -4.3769524e-01   6.1560975e-01
   7.4697085e-01   7.5606560e-02
  -2.1991501e-01  -2.8275003e-01
   7.7771968e-01  -1.8122367e-01
  -4.6743065e-02  -1.9722847e-01
   4.8826250e-01  -1.1352223e-01
  -1.8030487e-01   9.6858070e-02
  -5.7463379e-01  -8.7027243e-01
  -5.7906175e-01  -4.4145740e-01
   6.8600204e-01  -2.6610827e-01
  -3.6527572e-01  -2.9740871e-01
   8.0716246e-01   1.6579293e-01
  -2.7347879e-01  -6.5590788e-01
